% Backus and Gilbert
Re = 6.3708*10e6;
Ie = 8.02*10e37;